1 3 7 13 19 27 39 49 63 79 91 109 133 147 181 207 223 253 289 307 349 387 399 459 481 529 567 613 649 709 763 807 843 927 949
1009 1093 1111 1189 1261 1321 1359 1471 1483 1579 1693 1719 1807 1899 1933 2023 2161 2187 2269 2367 2479 2533 2703 2739 2799
2967 3019 3147 3199 3327 3421 3529 3619 3807 3841 3913 4083 4203 4249 4407 4603 4623 4783 4891 5067 5163 5293 5401 5547 5667
5767 5971 6109 6159 6387 6559 6589 6799 6927 7069 7219 7369 7483 7741 7849 7963 8173 8401 8419 8607 8847 8923 9193 9303 9511
9679 9889 10047 10143 10467 10603 10707 10969 11043 11341 11479 11731 11827 12091 12267 12483 12649 12859 13107 13239 13411
13711 13903 14041 14283 14503 14799 14967 15183 15379 15559 15883 16009 16273 16407 16779 16927 17203 17307 17749 17953 18109
18391 18649 18871 19087 19443 19539 19951 20119 20367 20583 20799 21207 21361 21699 21841 22069 22483 22767 22813 23389 23487
23767 24043 24301 24487 24903 25207 25407 25723 25959 26223 26727 26881 27099 27507 27739 28119 28287 28651 28849 29371 29569
29773 30303 30427 30919 31219 31483 31707 32007 32323 32761 32907 33283 33649 34059 34143 34663 35007 35131 35893 35959 36087
36619 36979 37231 37693 38053 38311 38607 39013 39253 39751 40107 40327 40873 41389 41509 41899 42307 42511 42879 43287 43743
43933 44521 44599 45379 45663 45799 46383 46663 47329 47559 47899 48133 48691 49243 49573 49627 50413 50679 50989 51589 51799
52287 52587 53127 53323 54109 54279 54807 55039 55519 56089 56367 56779 57169 57733 57883 58609 58827 59401 59719 60499 60661
61189 61369 61999 62413 62869 63361 63811 64309 64531 65023 65881 66049 66543 67263 67327 67887 68499 68847 69169 69759 70081
70623 71173 71671 72091 72541 72939 73519 74101 74449 74979 75601 75703 76327 77319 77403 77611 78759 79021 79231 80059 80247
80971 81423 81733 82503 83083 83401 83749 84469 84781 85699 86079 86611 87151 87421 88167 88867 89343 89389 90219 90721 91347
91753 92403 92707 93421 94093 94369 95191 95727 96183 96847 97119 97479 98847 99133 99541 99973 100759 101029 101899 102363 102699
103503 103873 104503 105343 105949 105979 106951 107379 108219 108387 109591 109879 110269 111019 111279 112227 112999 113581 113869
114493 115321 115921 116161 117207 117399 117943 118899 119247 120327 120379 121513 121987 122607 122979 123879 124579 125011 125581
126289 126727 127321 128371 128943 129619 129807 130801 131043 132343 132699 133107 133933 134739 135151 135759 136471 137343 137611
138553 139309 139621 140701 141399 141829 142479 143173 143763 144063 145399 145707 146179 147391 147459 148489 149539 149863 150493
151599 152007 152487 153507 154321 154531 155419 156327 156867 157543 157687 159283 160047 160383 160839 162091 162939 163189 164389
164559 165721 166171 166831 167583 168469 168963 169803 170539 171207 172069 172867 173563 174241 174973 175599 176427 176911 177991
178767 179473 179899 180739 181503 182619 183543 184167 184573 185401 186253 186939 188449 188599 188959 190393 190921 191473 192073
193503 194053 195049 195361 196347 196779 198499 198871 199339 200053 201459 201819 202171 203449 204543 205441 205699 206731 207901
208159 209101 210229 210543 211527 212247 213199 213859 214663 215563 216507 217609 218251 218743 219207 220423 221763 222619 223201
223729 224403 226153 226299 227707 228027 229171 229921 230263 231583 232599 233431 234567 234807 235729 236523 237159 238363 239233
240499 240883 242139 242679 243267 244519 246327 246463 246769 248047 248869 249687 250669 251749 252279 253507 253549 255163 256249
256333 258063 258631 259669 260379 261687 261807 262923 264879 265453 265719 267147 267787 268423 269953 270927 271741 272367 273253
274063 275539 275989 277801 278319 278647 279733 280951 281773 282829 283831 284401 285619 286153 287611 288187 289261 289561 291619
292429 293047 294013 294691 295927 297003 298699 298899 300063 300991 301471 302523 304189 304747 305827 306889 307339 309207 309687
309721 311863 313339 313659 314773 315649 316873 317521 318567 319323 320499 322063 322683 323467 324759 325309 326821 328243 329131
329509 330589 331723 333109 333883 334539 336339 336543 338263 339151 339699 340339 342139 343363 344419 345247 346147 347659 348109
348807 351019 351759 352503 353509 354619 355783 355999 357739 359607 360039 360807 362293 363109 364081 365419 365641 367527 368209
369091 370921 372121 372559 373213 375163 376153 377671 378279 378973 379767 382171 382827 383763 384829 385333 386881 388213 388813
389547 391993 392499 394021 394627 396027 397069 398401 398787 400647 401547 402049 403407 404929 405829 407103 408279 409599 410799
411871 412489 413667 414811 416023 417027 418711 419787 420687 421959 422127 424719 426103 426403 427819 428899 429709 431103 432769
433107 434683 435733 437619 438043 439429 439779 441901 443083 443653 446053 446707 447049 449113 450259 450373 451549 454123 455347
456211 457099 457249 459907 460561 461629 463969 464547 465763 466309 468187 469263 470401 471349 473047 474159 475411 476127 477999
478933 480103 480949 483219 484699 484921 486751 487699 489133 489447 491299 493207 493693 494851 496693 497667 498639 499849 500979
503641 504019 505287 506161 507867 508383 510067 511519 512007 513907 515343 517579 517693 519243 520239 520963 523669 525349 525423
526687 528219 528879 530641 532167 533187 534763 536787 537123 538711 539071 541471 542439 544063 544743 546207 547527 549019 549807
552013 552553 554041 556119 556779 557683 559771 560839 562083 563149 564739 566413 568033 568719 569599 572293 572547 573433 575041
577747 578763 579207 579913 582339 583983 584821 585939 587607 588967 589921 592083 593007 594327 595033 596671 599593 600151 600793
602389 604683 605113 606589 607887 609759 610887 612913 613069 615447 615967 617679 619507 620431 622887 623467 625179 625489 627903
628963 630063 632011 634143 634333 635521 637839 638323 640527 641799 643351 644343 646483 648229 649321 650019 651241 652531 654567
656131 658081 658891 660739 661767 662389 665107 665869 668439 669121 670459 671923 673383 674791 675673 677259 679279 681667 682051
683953 684859 686559 687961 689767 689899 692019 694479 695907 697083 698551 699139 701127 703549 703921 705901 708121 708721 710149
711811 712147 715471 716403 717327 719163 721107 721693 722839 726469 726807 727501 729999 730669 733503 734641 735673 737389 738667
740671 741303 743881 745303 746607 747819 749347 751263 752859 753499 754723 758523 758607 760899 761487 763347 764881 766609 767611
770587 771879 772299 774687 775291 777403 778867 780567 781783 784083 784623 787561 788701 790189 790503 792727 794659 795699 798763
799429 800959 803107 804279 804559 807511 808669 811083 812893 813631 814263 817203 818719 819523 822631 823459 825787 827007 828759
830173 830761 832983 835351 836359 837907 840001 841059 843211 844681 846721 847873 849631 850099 853107 854509 856669 857611 859147
860791 861687 863139 866247 868483 869103 870579 872199 874083 875667 878191 879589 880347 883467 884749 885043 887551 889059 890509
892863 894099 895729 897601 899823 901189 902509 903003 906553 907059 908293 910539 913503 913779 916003 917629 919939 921099 922779
923587 925227 929739 930211 931327 932679 934587 935779 938869 939409 942379 943287 944467 947163 949459 950187 951519 953311 954667
957787 959413 960807 962491 964381 966091 966519 969919 971431 973527 975199 976243 977521 980467 981031 982693 984991 987013 988819
990063 992379 993961 995581 997693 999667
